77
243
169
100
93
14
136
183
217
62
22
184
251
72
19
47
57
69
119
166
24
36
22
74
29
30
110
52
28
54
246
192
136
64
37
118
46
239
134
15
186
174
143
120
88
238
182
232
240
253
36
242
75
71
163
208
119
178
197
247
79
57
112
80
38
48
147
18
47
98
113
115
197
151
135
17
142
0
212
194
253
191
43
11
156
121
82
210
9
21
59
92
89
76
254
223
245
162
116
135
90
105
144
153
74
205
157
72
110
202
22
173
142
56
218
66
139
85
154
144
217
38
135
58
40
156
240
187
170
140
141
12
38
149
25
128
99
49
253
146
164
208
109
174
254
243
31
47
112
11
